1 0.925898 0.925072 0.924915 2
2 0.942435 0.941882 0.941962 4
3 0.947779 0.947478 0.9475 6
4 0.951769 0.951319 0.951395 8
5 0.954758 0.954568 0.954586 10
6 0.956329 0.95574 0.955916 12
7 0.957609 0.957028 0.957187 14
8 0.958121 0.957684 0.957809 16
9 0.9588 0.958201 0.958382 17
10 0.959579 0.959338 0.959403 19
11 0.959222 0.959022 0.959062 21
12 0.960428 0.959994 0.96012 23
13 0.960503 0.9601 0.960221 25
14 0.960581 0.960092 0.96023 27
15 0.960983 0.960733 0.960801 29
16 0.961733 0.961436 0.961528 31
17 0.962015 0.961745 0.96183 33
18 0.961369 0.961159 0.961213 35
19 0.961414 0.961151 0.961228 36
20 0.961497 0.961233 0.96132 38
21 0.961898 0.961617 0.961712 40
22 0.9615 0.961252 0.961325 42
23 0.961669 0.961456 0.961516 44
24 0.961891 0.961641 0.961717 46
25 0.962205 0.961953 0.962032 48
26 0.962512 0.962249 0.962334 50
27 0.962711 0.962451 0.962536 52
28 0.962282 0.962046 0.962122 53
29 0.962366 0.96216 0.96222 55
30 0.962786 0.962541 0.962621 57
31 0.962668 0.962453 0.962518 59
32 0.962766 0.962547 0.962611 61
33 0.962875 0.962644 0.962715 63
34 0.962975 0.962753 0.962819 65
35 0.963077 0.96285 0.962918 67
36 0.963563 0.963383 0.963429 69
37 0.963462 0.963271 0.963321 71
38 0.963563 0.963383 0.963429 73
39 0.963547 0.963383 0.963423 74
40 0.963542 0.963396 0.963427 76
41 0.963542 0.963396 0.963427 78
42 0.963222 0.963101 0.963119 80
43 0.963323 0.9632 0.963219 82
44 0.963313 0.963207 0.963219 84
45 0.963414 0.963304 0.963319 86
46 0.963314 0.963202 0.963218 88
47 0.963314 0.963202 0.963218 90
48 0.963211 0.9631 0.963115 92
49 0.963211 0.9631 0.963115 94
50 0.963211 0.9631 0.963115 96
51 0.963312 0.963212 0.963223 98
52 0.963312 0.963212 0.963223 100
53 0.963312 0.963212 0.963223 102
54 0.963312 0.963212 0.963223 104
55 0.963312 0.963212 0.963223 106
56 0.963312 0.963212 0.963223 108
57 0.963025 0.9629 0.962922 110
58 0.963025 0.9629 0.962922 112
59 0.963025 0.9629 0.962922 113
60 0.963025 0.9629 0.962922 116
